Utility Matrix:
[[1 0 3 0 0 5 0 0 5 0 4 0]
 [0 0 5 4 0 0 4 0 0 2 1 3]
 [2 4 0 1 2 0 3 0 4 3 5 0]
 [0 2 4 0 5 0 0 4 0 0 2 0]
 [0 0 4 3 4 2 0 0 0 0 2 5]
 [1 0 3 0 3 0 0 2 0 0 4 0]]
P_Items_x_Features:
[[ 1.16482079  2.10927657  0.33377973]
 [-0.36529105  1.82670981  1.7490211 ]
 [ 2.23435165  0.99895337  0.16300664]
 [ 0.26892799  1.78827864  1.44666862]
 [ 0.98234642  0.65571352  1.81046416]
 [ 1.47180934  1.33842574  0.58534001]]
Q_Users_x_Features:
[[ 0.85874813  1.50577869  0.27737099 -0.06739603  0.20751181  0.61557246
   0.63068878 -0.12666912  0.97616569  0.93279814  1.78547743  1.98452877]
 [-0.15083256  0.59195287  1.04037346  0.96010801  1.2641353   1.97523311
   1.4244988   1.34004677  1.7287707   0.8344548   0.97725507  0.95529413]
 [ 0.4779314   0.34549956  1.67081246  1.29957806  1.71812591  0.07752532
   0.93788975  1.00716243  0.55460263  0.46795842 -0.1407221   1.22489854]]
New_Utility_Matrix:
[[ 0.84166392  3.1178754   3.07520619  2.38040184  3.48160063  4.9092209
   4.05234994  3.01515283  4.96862874  3.00283366  4.09409229  4.7354462 ]
 [ 0.24669178  1.13556468  4.72142554  4.05144734  5.23844462  3.51890801
   4.01214994  4.25569602  3.77138951  2.0020331   0.88681659  3.16248796]
 [ 1.84597661  4.01209113  1.93138243  1.02035656  2.00653249  3.36120825
   2.98507066  1.21979504  3.99846265  2.99406083  4.94267806  5.58809602]
 [ 0.65261913  1.9633461   4.35218243  3.57887476  4.80199072  3.80996529
   4.07382633  3.81934242  4.15636822  2.42007398  2.024191    4.01404971]
 [ 1.60996287  2.49286238  3.97960742  2.91618905  4.14336446  2.04024927
   3.25163377  2.5776853   3.09659938  2.31071615  2.13998442  4.79352892]
 [ 1.34178771  3.21073882  2.77869321  1.9465342   3.00305687  3.5950868
   3.3838239   2.19665276  4.07519209  2.76367158  3.85349543  4.91642036]]